9.920480489730835
14.265644788742065
7.060489892959595
11.972825527191162
6.755645990371704
8.30832552909851
17.995625257492065
9.87990403175354
10.253441333770752
10.536375284194946
10.290467262268066
8.870237350463867
8.589012384414673
9.525267124176025
7.284353256225586
14.802021980285645
8.195180892944336
8.294877290725708
7.093080282211304
15.162980794906616
17.363375663757324
11.356390476226807
10.387051105499268
8.957377672195435
8.569437503814697
7.057227611541748
12.216663360595703
11.076061487197876
6.723779678344727
9.698218584060669
11.293870210647583
16.56825351715088
7.374128103256226
11.733912229537964
9.766268491744995
8.682886362075806
16.446659564971924
12.043095827102661
12.045348644256592
11.286998987197876
20.92169737815857
14.256103277206421
13.092344045639038
22.954793214797974
14.099474430084229
30.40512180328369
12.56936264038086
17.16423487663269
14.302661895751953
28.177948474884033
24.09311032295227
21.9451162815094
17.747411489486694
18.429633140563965
14.994190692901611
13.83660364151001
21.00540828704834
19.30898928642273
13.336848020553589
16.017252683639526
18.16832208633423
23.95591926574707
14.666456460952759
18.815855979919434
13.18773603439331
12.661444425582886
30.25162410736084
18.59853482246399
16.14488196372986
16.396522760391235
23.169668912887573
14.000356912612915
12.983908891677856
21.716246128082275
14.27241849899292
29.525787830352783
13.580860376358032
15.669603109359741
13.747688293457031
26.60629630088806
28.48694372177124
21.542436361312866
16.298355102539062
17.26540780067444
14.557960271835327
12.8715660572052
22.182430505752563
18.567216873168945
13.103327751159668
15.462154150009155
18.11639428138733
24.682202339172363
13.707638025283813
18.31823182106018
13.22064757347107
12.472038507461548
27.961190462112427
18.80832862854004
16.739827632904053
15.441864490509033
22.45732879638672
13.153782367706299
13.386322975158691
21.879159688949585
12.76210331916809
29.500779628753662
13.158501386642456
15.155752897262573
13.362677574157715
26.537163019180298
27.825263261795044
21.04032802581787
17.20002818107605
18.207464694976807
14.73133659362793
13.162686347961426
23.324206590652466
19.320142030715942
12.491434574127197
15.323747158050537
25.21521258354187
30.43718385696411
21.00512409210205
26.579340934753418
19.525243520736694
18.2144935131073
36.915820837020874
26.133508682250977
23.45999026298523
22.989031553268433
29.331042528152466
19.174067735671997
18.70672059059143
27.981621503829956
19.436222076416016
25.366809368133545
13.380022287368774
14.71587347984314
13.997135162353516
23.323474645614624
25.100676774978638
20.07936120033264
15.41953158378601
17.75822353363037
14.192540168762207
13.170873641967773
21.28385591506958
18.13919496536255
14.66341757774353
17.557796239852905
